{
  "System": {
    "LogLevel": "INFO"
  },
  "Redis": {
    "Host": "127.0.0.1",
    "Port": "6379",
    "Password": "cve123456",
    "TaskDb": 0,
    "ResultDb": 1
  },
  "Cameras": [
    {
      "Sn": "207000168577",
      "Type": "Tycam3D",
      "Name": "3DCam-Right#1"
    },
    {
      "Sn": "207000168598",
      "Type": "Tycam3D",
      "Name": "3DCam-Right#2"
    },
    {
      "Sn": "207000168918",
      "Type": "Tycam3D",
      "Name": "3DCam-Left#1"
    },
    {
      "Sn": "207000169627",
      "Type": "Tycam3D",
      "Name": "3DCam-Left#2"
    },
    {
      "Sn": "DA9434653",
      "Type": "Hikvision2D",
      "Name": "2DCam-Right#1"
    },
    {
      "Sn": "DA9434361",
      "Type": "Hikvision2D",
      "Name": "2DCam-Right#2"
    },
    {
      "Sn": "DA9434411",
      "Type": "Hikvision2D",
      "Name": "2DCam-Left#1"
    },
    {
      "Sn": "DA9434623",
      "Type": "Hikvision2D",
      "Name": "2DCam-Left#2"
    }
  ],
  "Algorithms": {
    "SlotOccupancy": {
      "PointThreshold": 10000,
      "Roi3dLeft": [
        -500,
        500,
        -500,
        500,
        1000,
        3000
      ],
      "Roi3dRight": [
        -500,
        500,
        -500,
        500,
        1000,
        3000
      ],
      "CameraRoiParams": [
        {
          "CameraSn": "207000168918",
          "XMin": -500,
          "XMax": 500,
          "YMin": -500,
          "YMax": 500,
          "ZMin": 1000,
          "ZMax": 3000,
          "ReferenceX": 0,
          "RefRackDefLeft": 0,
          "RefRackDefRight": 0,
          "RefArmAngleLeft": 0,
          "RefArmAngleRight": 0
        },
        {
          "CameraSn": "207000169627",
          "XMin": -500,
          "XMax": 500,
          "YMin": -500,
          "YMax": 500,
          "ZMin": 1000,
          "ZMax": 3000,
          "ReferenceX": 0,
          "RefRackDefLeft": 0,
          "RefRackDefRight": 0,
          "RefArmAngleLeft": 0,
          "RefArmAngleRight": 0
        },
        {
          "CameraSn": "207000168577",
          "XMin": -500,
          "XMax": 500,
          "YMin": -500,
          "YMax": 500,
          "ZMin": 1000,
          "ZMax": 3000,
          "ReferenceX": 0,
          "RefRackDefLeft": 0,
          "RefRackDefRight": 0,
          "RefArmAngleLeft": 0,
          "RefArmAngleRight": 0
        },
        {
          "CameraSn": "207000168598",
          "XMin": -500,
          "XMax": 500,
          "YMin": -500,
          "YMax": 500,
          "ZMin": 1000,
          "ZMax": 3000,
          "ReferenceX": 0,
          "RefRackDefLeft": 0,
          "RefRackDefRight": 0,
          "RefArmAngleLeft": 0,
          "RefArmAngleRight": 0
        }
      ],
      "CameraMapping": {
        "LeftSideSns": [
          "207000168918",
          "207000169627"
        ],
        "RightSideSns": [
          "207000168577",
          "207000168598"
        ]
      }
    },
    "StackerOffset": {
      "DepthMin": 1000,
      "DepthMax": 3000,
      "ReferenceGapCenterX": 0,
      "LateralThreshold": {
        "A": -20,
        "B": -10,
        "C": 10,
        "D": 20
      },
      "CameraRoiParams": [],
      "CameraMapping": {
        "LeftSideSns": [
          "207000168918",
          "207000169627"
        ],
        "RightSideSns": [
          "207000168577",
          "207000168598"
        ]
      }
    },
    "RackDeformation": {
      "DepthMin": 1000,
      "DepthMax": 3000,
      "ReferenceZ": 2000,
      "BeamThreshold": {
        "A": -10,
        "B": -7,
        "C": 7,
        "D": 10
      },
      "RackThreshold": {
        "A": -40,
        "B": -25,
        "C": 25,
        "D": 40
      },
      "CameraMapping": {
        "LeftSideSns": [
          "207000168918",
          "207000169627"
        ],
        "RightSideSns": [
          "207000168577",
          "207000168598"
        ]
      },
      "CameraRoiParams": []
    },
    "VisualInventory": {
      "CameraMapping": {
        "LeftSideSns": [
          "DA9434623"
        ],
        "RightSideSns": [
          "DA9434653",
          "DA9434361"
        ]
      }
    }
  },
  "Calibrations": [
    {
      "CameraSn": "207000168577",
      "RotationMatrix": [
        [
          0.9993831434332194,
          -0.012485651308123093,
          0.032824398440017846
        ],
        [
          -0.012485651308123093,
          0.7472808153738923,
          0.664391068186157
        ],
        [
          -0.032824398440017846,
          -0.664391068186157,
          0.7466639588071118
        ]
      ],
      "TranslationVector": [
        -0,
        -0,
        -0
      ],
      "RefPlaneNormalBase": [
        0,
        0,
        1
      ],
      "RefPlaneNormalCam": [
        -0.032824398440017846,
        -0.664391068186157,
        0.7466639588071118
      ],
      "CalibratedAt": "2026-06-27T11:28:05.8795517+08:00",
      "Fx": 533.9883422851562,
      "Fy": 327.4799499511719,
      "Cx": 533.9883422851562,
      "Cy": 236.0641632080078,
      "MeasuredDistanceMm": 0,
      "PlaneD": -1205.1782969371698,
      "IsValid": true
    },
    {
      "CameraSn": "207000168598",
      "RotationMatrix": [
        [
          0.9996417400666864,
          -0.010090597250395333,
          0.02479054988453677
        ],
        [
          -0.010090597250395333,
          0.715792519894886,
          0.6982401079210929
        ],
        [
          -0.02479054988453677,
          -0.6982401079210929,
          0.7154342599615724
        ]
      ],
      "TranslationVector": [
        -0,
        -0,
        -0
      ],
      "RefPlaneNormalBase": [
        0,
        0,
        1
      ],
      "RefPlaneNormalCam": [
        -0.024790549884536772,
        -0.6982401079210929,
        0.7154342599615724
      ],
      "CalibratedAt": "2026-06-27T11:28:17.4612546+08:00",
      "Fx": 536.2891235351562,
      "Fy": 325.01904296875,
      "Cx": 536.2891235351562,
      "Cy": 251.9740447998047,
      "MeasuredDistanceMm": 0,
      "PlaneD": -1204.5387043547787,
      "IsValid": true
    }
  ],
  "Camera2DCalibrations": [
    {
      "CameraSn": "DA9434653",
      "CalibratedAt": "0001-01-01T00:00:00",
      "RmsError": 0,
      "Fx": 0,
      "Fy": 0,
      "Cx": 0,
      "Cy": 0,
      "DistCoeffs": [],
      "RoiLeft": [],
      "RoiRight": []
    },
    {
      "CameraSn": "DA9434361",
      "CalibratedAt": "0001-01-01T00:00:00",
      "RmsError": 0,
      "Fx": 0,
      "Fy": 0,
      "Cx": 0,
      "Cy": 0,
      "DistCoeffs": [],
      "RoiLeft": [],
      "RoiRight": []
    },
    {
      "CameraSn": "DA9434411",
      "CalibratedAt": "0001-01-01T00:00:00",
      "RmsError": 0,
      "Fx": 0,
      "Fy": 0,
      "Cx": 0,
      "Cy": 0,
      "DistCoeffs": [],
      "RoiLeft": [],
      "RoiRight": []
    },
    {
      "CameraSn": "DA9434623",
      "CalibratedAt": "0001-01-01T00:00:00",
      "RmsError": 0,
      "Fx": 0,
      "Fy": 0,
      "Cx": 0,
      "Cy": 0,
      "DistCoeffs": [],
      "RoiLeft": [],
      "RoiRight": []
    }
  ]
}