{
  "System": {
    "LogLevel": "INFO"
  },
  "Redis": {
    "Host": "127.0.0.1",
    "Port": "6379",
    "Password": "cve123456",
    "TaskDb": 0,
    "ResultDb": 1
  },
  "Cameras": [
    {
      "Sn": "207000168577",
      "Type": "Tycam3D",
      "Name": "3DCam-Right#1"
    },
    {
      "Sn": "207000168598",
      "Type": "Tycam3D",
      "Name": "3DCam-Right#2"
    },
    {
      "Sn": "207000168918",
      "Type": "Tycam3D",
      "Name": "3DCam-Left#1"
    },
    {
      "Sn": "207000169627",
      "Type": "Tycam3D",
      "Name": "3DCam-Left#2"
    },
    {
      "Sn": "DA9434653",
      "Type": "Hikvision2D",
      "Name": "2DCam-Right#1"
    },
    {
      "Sn": "DA9434361",
      "Type": "Hikvision2D",
      "Name": "2DCam-Right#2"
    },
    {
      "Sn": "DA9434411",
      "Type": "Hikvision2D",
      "Name": "2DCam-Left#1"
    },
    {
      "Sn": "DA9434623",
      "Type": "Hikvision2D",
      "Name": "2DCam-Left#2"
    }
  ],
  "Algorithms": {
    "SlotOccupancy": {
      "PointThreshold": 8000,
      "Roi3dLeft": [
        -500,
        500,
        -500,
        500,
        1000,
        3000
      ],
      "Roi3dRight": [
        -500,
        500,
        -500,
        500,
        1000,
        3000
      ],
      "CameraRoiParams": [
        {
          "CameraSn": "207000168918",
          "XMin": -500,
          "XMax": 500,
          "YMin": -500,
          "YMax": 500,
          "ZMin": 1000,
          "ZMax": 3000,
          "ReferenceX": 0,
          "RefRackDefLeft": 0,
          "RefRackDefRight": 0,
          "RefArmAngleLeft": 0,
          "RefArmAngleRight": 0
        },
        {
          "CameraSn": "207000169627",
          "XMin": -500,
          "XMax": 500,
          "YMin": -500,
          "YMax": 500,
          "ZMin": 1000,
          "ZMax": 3000,
          "ReferenceX": 0,
          "RefRackDefLeft": 0,
          "RefRackDefRight": 0,
          "RefArmAngleLeft": 0,
          "RefArmAngleRight": 0
        },
        {
          "CameraSn": "207000168577",
          "XMin": -200,
          "XMax": 1250,
          "YMin": 1400,
          "YMax": 1980,
          "ZMin": 1100,
          "ZMax": 1800,
          "ReferenceX": 0,
          "RefRackDefLeft": 0,
          "RefRackDefRight": 0,
          "RefArmAngleLeft": 0,
          "RefArmAngleRight": 0
        },
        {
          "CameraSn": "207000168598",
          "XMin": -1300,
          "XMax": 300,
          "YMin": 1400,
          "YMax": 2000,
          "ZMin": 1100,
          "ZMax": 1800,
          "ReferenceX": 0,
          "RefRackDefLeft": 0,
          "RefRackDefRight": 0,
          "RefArmAngleLeft": 0,
          "RefArmAngleRight": 0
        }
      ],
      "CameraMapping": {
        "LeftSideSns": [
          "207000168918",
          "207000169627"
        ],
        "RightSideSns": [
          "207000168577",
          "207000168598"
        ]
      }
    },
    "StackerOffset": {
      "DepthMin": 1000,
      "DepthMax": 3000,
      "ReferenceGapCenterX": 0,
      "LateralThreshold": {
        "A": -20,
        "B": -10,
        "C": 10,
        "D": 20
      },
      "CameraRoiParams": [],
      "CameraMapping": {
        "LeftSideSns": [
          "207000168918",
          "207000169627"
        ],
        "RightSideSns": [
          "207000168577",
          "207000168598"
        ]
      }
    },
    "RackDeformation": {
      "DepthMin": 1000,
      "DepthMax": 3000,
      "ReferenceZ": 2000,
      "BeamThreshold": {
        "A": -10,
        "B": -7,
        "C": 7,
        "D": 10
      },
      "RackThreshold": {
        "A": -40,
        "B": -25,
        "C": 25,
        "D": 40
      },
      "CameraMapping": {
        "LeftSideSns": [
          "207000168918",
          "207000169627"
        ],
        "RightSideSns": [
          "207000168577",
          "207000168598"
        ]
      },
      "CameraRoiParams": []
    },
    "VisualInventory": {
      "CameraMapping": {
        "LeftSideSns": [
          "DA9434411",
          "DA9434623"
        ],
        "RightSideSns": [
          "DA9434653",
          "DA9434361"
        ]
      }
    }
  },
  "Calibrations": [
    {
      "CameraSn": "207000168577",
      "RotationMatrix": [
        [
          0.999701709711379,
          -0.008810457662998327,
          0.022778661855215543
        ],
        [
          -0.008810457662998327,
          0.7397697236797736,
          0.6728024463113375
        ],
        [
          -0.022778661855215543,
          -0.6728024463113375,
          0.7394714333911525
        ]
      ],
      "TranslationVector": [
        -0,
        -0,
        -0
      ],
      "RefPlaneNormalBase": [
        0,
        0,
        1
      ],
      "RefPlaneNormalCam": [
        -0.022778661855215543,
        -0.6728024463113375,
        0.7394714333911525
      ],
      "CalibratedAt": "2026-06-27T14:35:26.0127187+08:00",
      "Fx": 533.9883422851562,
      "Fy": 327.4799499511719,
      "Cx": 533.9883422851562,
      "Cy": 236.0641632080078,
      "MeasuredDistanceMm": 0,
      "PlaneD": -1250.104950731932,
      "IsValid": true
    },
    {
      "CameraSn": "207000168598",
      "RotationMatrix": [
        [
          0.9999082572790075,
          -0.0051509965830397976,
          0.01252773959896798
        ],
        [
          -0.0051509965830397976,
          0.7107915972900762,
          0.7033838016730436
        ],
        [
          -0.01252773959896798,
          -0.7033838016730436,
          0.7106998545690838
        ]
      ],
      "TranslationVector": [
        -0,
        -0,
        -0
      ],
      "RefPlaneNormalBase": [
        0,
        0,
        1
      ],
      "RefPlaneNormalCam": [
        -0.012527739598967982,
        -0.7033838016730436,
        0.7106998545690838
      ],
      "CalibratedAt": "2026-06-27T14:35:43.33686+08:00",
      "Fx": 536.2891235351562,
      "Fy": 325.01904296875,
      "Cx": 536.2891235351562,
      "Cy": 251.9740447998047,
      "MeasuredDistanceMm": 0,
      "PlaneD": -1230.3478103262814,
      "IsValid": true
    },
    {
      "CameraSn": "207000168918",
      "RotationMatrix": [
        [
          0.9996217806917316,
          -0.01071800074993853,
          0.025326271470865167
        ],
        [
          -0.01071800074993853,
          0.6962726715311843,
          0.7176973535821015
        ],
        [
          -0.025326271470865167,
          -0.7176973535821015,
          0.6958944522229159
        ]
      ],
      "TranslationVector": [
        -0,
        -0,
        -0
      ],
      "RefPlaneNormalBase": [
        0,
        0,
        1
      ],
      "RefPlaneNormalCam": [
        -0.025326271470865167,
        -0.7176973535821015,
        0.6958944522229159
      ],
      "CalibratedAt": "2026-06-27T15:32:16.7333528+08:00",
      "Fx": 524.3572387695312,
      "Fy": 326.46636962890625,
      "Cx": 524.3572387695312,
      "Cy": 233.67276000976562,
      "MeasuredDistanceMm": 0,
      "PlaneD": -1500.720762337134,
      "IsValid": true
    },
    {
      "CameraSn": "207000169627",
      "RotationMatrix": [
        [
          0.9994675254964045,
          -0.012706125003235565,
          0.030053616512763733
        ],
        [
          -0.012706125003235565,
          0.6968012336596723,
          0.7171517239453316
        ],
        [
          -0.030053616512763733,
          -0.7171517239453316,
          0.6962687591560768
        ]
      ],
      "TranslationVector": [
        -0,
        -0,
        -0
      ],
      "RefPlaneNormalBase": [
        0,
        0,
        1
      ],
      "RefPlaneNormalCam": [
        -0.030053616512763733,
        -0.7171517239453316,
        0.6962687591560768
      ],
      "CalibratedAt": "2026-06-27T15:32:32.320621+08:00",
      "Fx": 531.6846313476562,
      "Fy": 329.75439453125,
      "Cx": 531.6846313476562,
      "Cy": 245.5567169189453,
      "MeasuredDistanceMm": 0,
      "PlaneD": -1514.792810081532,
      "IsValid": true
    }
  ],
  "Camera2DCalibrations": [
    {
      "CameraSn": "DA9434411",
      "CalibratedAt": "0001-01-01T00:00:00",
      "RmsError": 0,
      "Fx": 0,
      "Fy": 0,
      "Cx": 0,
      "Cy": 0,
      "DistCoeffs": [],
      "RoiLeft": [],
      "RoiRight": [],
      "RoiInventory": []
    },
    {
      "CameraSn": "DA9434653",
      "CalibratedAt": "2026-06-27T15:29:46.5305693+08:00",
      "RmsError": 0.7572503904485375,
      "Fx": 5315.225873696597,
      "Fy": 5298.099232631015,
      "Cx": 2929.926316074112,
      "Cy": 1875.8392477763632,
      "DistCoeffs": [
        0.04533120176233013,
        -0.9627536557407367,
        0.015551589348824415,
        -0.01262253421144913,
        6.784419274061076
      ],
      "RoiLeft": [],
      "RoiRight": [],
      "RoiInventory": [
        2878,
        2085,
        3573,
        2085,
        3528,
        2473,
        2864,
        2427
      ]
    },
    {
      "CameraSn": "DA9434361",
      "CalibratedAt": "2026-06-27T15:30:20.3024995+08:00",
      "RmsError": 1.2853863636882457,
      "Fx": 5526.632753663268,
      "Fy": 5526.057450643615,
      "Cx": 2911.3307800421076,
      "Cy": 2223.2563863050477,
      "DistCoeffs": [
        0.10683302087560075,
        -3.435462101052317,
        0.03636072355156916,
        -0.0036403397416783175,
        23.54616348637948
      ],
      "RoiLeft": [],
      "RoiRight": [],
      "RoiInventory": [
        405,
        1114,
        4851,
        1174,
        4741,
        2638,
        433,
        2466
      ]
    },
    {
      "CameraSn": "DA9434623",
      "CalibratedAt": "2026-06-27T15:31:26.4354546+08:00",
      "RmsError": 1.3013290251434928,
      "Fx": 5229.1824915481375,
      "Fy": 5227.681790737376,
      "Cx": 3026.9476799391236,
      "Cy": 2026.5320234477158,
      "DistCoeffs": [
        -0.4310550781209885,
        2.968515642946353,
        0.00745414288538588,
        -0.00591631935205852,
        -9.080320001462804
      ],
      "RoiLeft": [],
      "RoiRight": [],
      "RoiInventory": []
    }
  ]
}