{
  "System": {
    "LogLevel": "INFO"
  },
  "Redis": {
    "Host": "127.0.0.1",
    "Port": "6379",
    "Password": "cve123456",
    "TaskDb": 0,
    "ResultDb": 1
  },
  "Cameras": [
    {
      "Sn": "207000168577",
      "Type": "Tycam3D",
      "Name": "3DCam-Right#1"
    },
    {
      "Sn": "207000168598",
      "Type": "Tycam3D",
      "Name": "3DCam-Right#2"
    },
    {
      "Sn": "207000168918",
      "Type": "Tycam3D",
      "Name": "3DCam-Left#1"
    },
    {
      "Sn": "207000169627",
      "Type": "Tycam3D",
      "Name": "3DCam-Left#2"
    },
    {
      "Sn": "DA9434653",
      "Type": "Hikvision2D",
      "Name": "2DCam-Right#1"
    },
    {
      "Sn": "DA9434361",
      "Type": "Hikvision2D",
      "Name": "2DCam-Right#2"
    },
    {
      "Sn": "DA9434411",
      "Type": "Hikvision2D",
      "Name": "2DCam-Left#1"
    },
    {
      "Sn": "DA9434623",
      "Type": "Hikvision2D",
      "Name": "2DCam-Left#2"
    }
  ],
  "Algorithms": {
    "SlotOccupancy": {
      "PointThreshold": 8000,
      "Roi3dLeft": [
        -500,
        500,
        -500,
        500,
        1000,
        3000
      ],
      "Roi3dRight": [
        -500,
        500,
        -500,
        500,
        1000,
        3000
      ],
      "CameraRoiParams": [
        {
          "CameraSn": "207000168918",
          "XMin": -200,
          "XMax": 1500,
          "YMin": 1500,
          "YMax": 2200,
          "ZMin": 1000,
          "ZMax": 1800,
          "ReferenceX": 0,
          "RefRackDefLeft": 0,
          "RefRackDefRight": 0,
          "RefBeamDef": 0,
          "Role": "",
          "ColXMin": 0,
          "ColXMax": 0,
          "ColYMin": 0,
          "ColYMax": 0,
          "ColZMin": 0,
          "ColZMax": 0,
          "BeamXMin": 0,
          "BeamXMax": 0,
          "BeamYMin": 0,
          "BeamYMax": 0,
          "BeamZMin": 0,
          "BeamZMax": 0
        },
        {
          "CameraSn": "207000169627",
          "XMin": -1500,
          "XMax": 500,
          "YMin": 1300,
          "YMax": 2200,
          "ZMin": 1000,
          "ZMax": 1800,
          "ReferenceX": 0,
          "RefRackDefLeft": 0,
          "RefRackDefRight": 0,
          "RefBeamDef": 0,
          "Role": "",
          "ColXMin": 0,
          "ColXMax": 0,
          "ColYMin": 0,
          "ColYMax": 0,
          "ColZMin": 0,
          "ColZMax": 0,
          "BeamXMin": 0,
          "BeamXMax": 0,
          "BeamYMin": 0,
          "BeamYMax": 0,
          "BeamZMin": 0,
          "BeamZMax": 0
        },
        {
          "CameraSn": "207000168577",
          "XMin": -200,
          "XMax": 1250,
          "YMin": 1400,
          "YMax": 1980,
          "ZMin": 1100,
          "ZMax": 1800,
          "ReferenceX": 0,
          "RefRackDefLeft": 0,
          "RefRackDefRight": 0,
          "RefBeamDef": 0,
          "Role": "",
          "ColXMin": 0,
          "ColXMax": 0,
          "ColYMin": 0,
          "ColYMax": 0,
          "ColZMin": 0,
          "ColZMax": 0,
          "BeamXMin": 0,
          "BeamXMax": 0,
          "BeamYMin": 0,
          "BeamYMax": 0,
          "BeamZMin": 0,
          "BeamZMax": 0
        },
        {
          "CameraSn": "207000168598",
          "XMin": -1300,
          "XMax": 300,
          "YMin": 1400,
          "YMax": 2000,
          "ZMin": 1100,
          "ZMax": 1800,
          "ReferenceX": 0,
          "RefRackDefLeft": 0,
          "RefRackDefRight": 0,
          "RefBeamDef": 0,
          "Role": "",
          "ColXMin": 0,
          "ColXMax": 0,
          "ColYMin": 0,
          "ColYMax": 0,
          "ColZMin": 0,
          "ColZMax": 0,
          "BeamXMin": 0,
          "BeamXMax": 0,
          "BeamYMin": 0,
          "BeamYMax": 0,
          "BeamZMin": 0,
          "BeamZMax": 0
        }
      ],
      "CameraMapping": {
        "LeftSideSns": [
          "207000168918",
          "207000169627"
        ],
        "RightSideSns": [
          "207000168577",
          "207000168598"
        ]
      }
    },
    "StackerOffset": {
      "DepthMin": 1000,
      "DepthMax": 3000,
      "ReferenceGapCenterX": 0,
      "LateralThreshold": {
        "A": -20,
        "B": -10,
        "C": 10,
        "D": 20
      },
      "CameraRoiParams": [],
      "CameraMapping": {
        "LeftSideSns": [
          "207000168918",
          "207000169627"
        ],
        "RightSideSns": [
          "207000168577",
          "207000168598"
        ]
      }
    },
    "RackDeformation": {
      "DepthMin": 1000,
      "DepthMax": 3000,
      "ReferenceZ": 2000,
      "BeamThreshold": {
        "A": -10,
        "B": -7,
        "C": 7,
        "D": 10
      },
      "RackThreshold": {
        "A": -40,
        "B": -25,
        "C": 25,
        "D": 40
      },
      "CameraMapping": {
        "LeftSideSns": [
          "207000168918",
          "207000169627"
        ],
        "RightSideSns": [
          "207000168577",
          "207000168598"
        ]
      },
      "CameraRoiParams": [
        {
          "CameraSn": "207000168918",
          "XMin": -583,
          "XMax": 1570,
          "YMin": 2300,
          "YMax": 3224,
          "ZMin": 900,
          "ZMax": 1100,
          "ReferenceX": 0,
          "RefRackDefLeft": 0,
          "RefRackDefRight": 0,
          "RefBeamDef": 0,
          "Role": "",
          "ColXMin": -633,
          "ColXMax": -364,
          "ColYMin": 2500,
          "ColYMax": 2950,
          "ColZMin": 900,
          "ColZMax": 1100,
          "BeamXMin": -135,
          "BeamXMax": 1270,
          "BeamYMin": 3075,
          "BeamYMax": 3224,
          "BeamZMin": 1000,
          "BeamZMax": 1400
        },
        {
          "CameraSn": "207000168577",
          "XMin": -583,
          "XMax": 1204,
          "YMin": 1121,
          "YMax": 2399,
          "ZMin": 950,
          "ZMax": 1258,
          "ReferenceX": 0,
          "RefRackDefLeft": 0,
          "RefRackDefRight": 0,
          "RefBeamDef": 0,
          "Role": "",
          "ColXMin": -583,
          "ColXMax": -374,
          "ColYMin": 1121,
          "ColYMax": 1937,
          "ColZMin": 1050,
          "ColZMax": 1181,
          "BeamXMin": -292,
          "BeamXMax": 1204,
          "BeamYMin": 2170,
          "BeamYMax": 2399,
          "BeamZMin": 950,
          "BeamZMax": 1258
        },
        {
          "CameraSn": "207000168598",
          "XMin": -1162,
          "XMax": 704,
          "YMin": 1171,
          "YMax": 2396,
          "ZMin": 1000,
          "ZMax": 1130,
          "ReferenceX": 0,
          "RefRackDefLeft": 72.09,
          "RefRackDefRight": 73.52,
          "RefBeamDef": 15.18,
          "Role": "",
          "ColXMin": 504,
          "ColXMax": 704,
          "ColYMin": 1171,
          "ColYMax": 1937,
          "ColZMin": 1030,
          "ColZMax": 1130,
          "BeamXMin": -1162,
          "BeamXMax": 443,
          "BeamYMin": 2178,
          "BeamYMax": 2396,
          "BeamZMin": 1000,
          "BeamZMax": 1100
        },
        {
          "CameraSn": "207000169627",
          "XMin": -1480,
          "XMax": 762,
          "YMin": 2425,
          "YMax": 3124,
          "ZMin": 850,
          "ZMax": 1300,
          "ReferenceX": 0,
          "RefRackDefLeft": 0,
          "RefRackDefRight": 0,
          "RefBeamDef": 0,
          "Role": "",
          "ColXMin": 470,
          "ColXMax": 670,
          "ColYMin": 2425,
          "ColYMax": 3024,
          "ColZMin": 850,
          "ColZMax": 1150,
          "BeamXMin": -1480,
          "BeamXMax": 362,
          "BeamYMin": 3025,
          "BeamYMax": 3274,
          "BeamZMin": 900,
          "BeamZMax": 1200
        }
      ]
    },
    "VisualInventory": {
      "CameraMapping": {
        "LeftSideSns": [
          "DA9434411",
          "DA9434623"
        ],
        "RightSideSns": [
          "DA9434653",
          "DA9434361"
        ]
      }
    }
  },
  "Calibrations": [
    {
      "CameraSn": "207000168577",
      "RotationMatrix": [
        [
          0.999701709711379,
          -0.008810457662998327,
          0.022778661855215543
        ],
        [
          -0.008810457662998327,
          0.7397697236797736,
          0.6728024463113375
        ],
        [
          -0.022778661855215543,
          -0.6728024463113375,
          0.7394714333911525
        ]
      ],
      "TranslationVector": [
        -0,
        -0,
        -0
      ],
      "RefPlaneNormalBase": [
        0,
        0,
        1
      ],
      "RefPlaneNormalCam": [
        -0.022778661855215543,
        -0.6728024463113375,
        0.7394714333911525
      ],
      "CalibratedAt": "2026-06-27T14:35:26.0127187+08:00",
      "Fx": 533.9883422851562,
      "Fy": 327.4799499511719,
      "Cx": 533.9883422851562,
      "Cy": 236.0641632080078,
      "MeasuredDistanceMm": 0,
      "PlaneD": -1250.104950731932,
      "IsValid": true
    },
    {
      "CameraSn": "207000168598",
      "RotationMatrix": [
        [
          0.9999082572790075,
          -0.0051509965830397976,
          0.01252773959896798
        ],
        [
          -0.0051509965830397976,
          0.7107915972900762,
          0.7033838016730436
        ],
        [
          -0.01252773959896798,
          -0.7033838016730436,
          0.7106998545690838
        ]
      ],
      "TranslationVector": [
        -0,
        -0,
        -0
      ],
      "RefPlaneNormalBase": [
        0,
        0,
        1
      ],
      "RefPlaneNormalCam": [
        -0.012527739598967982,
        -0.7033838016730436,
        0.7106998545690838
      ],
      "CalibratedAt": "2026-06-27T14:35:43.33686+08:00",
      "Fx": 536.2891235351562,
      "Fy": 325.01904296875,
      "Cx": 536.2891235351562,
      "Cy": 251.9740447998047,
      "MeasuredDistanceMm": 0,
      "PlaneD": -1230.3478103262814,
      "IsValid": true
    },
    {
      "CameraSn": "207000168918",
      "RotationMatrix": [
        [
          0.9995967558615124,
          0.011290840605438397,
          -0.026054607837439663
        ],
        [
          0.011290840605438397,
          0.6838563306697565,
          0.7295293249221166
        ],
        [
          0.026054607837439663,
          -0.7295293249221166,
          0.6834530865312688
        ]
      ],
      "TranslationVector": [
        -0,
        -0,
        -0
      ],
      "RefPlaneNormalBase": [
        0,
        0,
        1
      ],
      "RefPlaneNormalCam": [
        0.026054607837439663,
        -0.7295293249221166,
        0.6834530865312688
      ],
      "CalibratedAt": "2026-06-29T11:05:15.4913392+08:00",
      "Fx": 524.3572387695312,
      "Fy": 326.46636962890625,
      "Cx": 524.3572387695312,
      "Cy": 233.67276000976562,
      "MeasuredDistanceMm": 0,
      "PlaneD": -1625.2191378132568,
      "IsValid": true
    },
    {
      "CameraSn": "207000169627",
      "RotationMatrix": [
        [
          0.9999110714166013,
          -0.0056764390164339125,
          0.012067613624788589
        ],
        [
          -0.0056764390164339125,
          0.6376647566415601,
          0.7702930845966053
        ],
        [
          -0.012067613624788589,
          -0.7702930845966053,
          0.6375758280581614
        ]
      ],
      "TranslationVector": [
        -0,
        -0,
        -0
      ],
      "RefPlaneNormalBase": [
        0,
        0,
        1
      ],
      "RefPlaneNormalCam": [
        -0.012067613624788589,
        -0.7702930845966053,
        0.6375758280581614
      ],
      "CalibratedAt": "2026-06-29T11:05:25.9834416+08:00",
      "Fx": 531.6846313476562,
      "Fy": 329.75439453125,
      "Cx": 531.6846313476562,
      "Cy": 245.5567169189453,
      "MeasuredDistanceMm": 0,
      "PlaneD": -1502.6699745503533,
      "IsValid": true
    }
  ],
  "Camera2DCalibrations": [
    {
      "CameraSn": "DA9434411",
      "CalibratedAt": "0001-01-01T00:00:00",
      "RmsError": 0,
      "Fx": 0,
      "Fy": 0,
      "Cx": 0,
      "Cy": 0,
      "DistCoeffs": [],
      "RoiLeft": [],
      "RoiRight": [],
      "RoiInventory": []
    },
    {
      "CameraSn": "DA9434653",
      "CalibratedAt": "2026-06-27T15:29:46.5305693+08:00",
      "RmsError": 0.7572503904485375,
      "Fx": 5315.225873696597,
      "Fy": 5298.099232631015,
      "Cx": 2929.926316074112,
      "Cy": 1875.8392477763632,
      "DistCoeffs": [
        0.04533120176233013,
        -0.9627536557407367,
        0.015551589348824415,
        -0.01262253421144913,
        6.784419274061076
      ],
      "RoiLeft": [],
      "RoiRight": [],
      "RoiInventory": [
        620,
        1541,
        5126,
        1517,
        5193,
        3182,
        846,
        3189
      ]
    },
    {
      "CameraSn": "DA9434361",
      "CalibratedAt": "2026-06-27T15:30:20.3024995+08:00",
      "RmsError": 1.2853863636882457,
      "Fx": 5526.632753663268,
      "Fy": 5526.057450643615,
      "Cx": 2911.3307800421076,
      "Cy": 2223.2563863050477,
      "DistCoeffs": [
        0.10683302087560075,
        -3.435462101052317,
        0.03636072355156916,
        -0.0036403397416783175,
        23.54616348637948
      ],
      "RoiLeft": [],
      "RoiRight": [],
      "RoiInventory": [
        405,
        1114,
        4851,
        1174,
        4741,
        2638,
        433,
        2466
      ]
    },
    {
      "CameraSn": "DA9434623",
      "CalibratedAt": "2026-06-27T15:31:26.4354546+08:00",
      "RmsError": 1.3013290251434928,
      "Fx": 5229.1824915481375,
      "Fy": 5227.681790737376,
      "Cx": 3026.9476799391236,
      "Cy": 2026.5320234477158,
      "DistCoeffs": [
        -0.4310550781209885,
        2.968515642946353,
        0.00745414288538588,
        -0.00591631935205852,
        -9.080320001462804
      ],
      "RoiLeft": [],
      "RoiRight": [],
      "RoiInventory": [
        441,
        892,
        5327,
        885,
        5256,
        2459,
        1033,
        2402
      ]
    }
  ]
}