{
  "System": {
    "LogLevel": "INFO"
  },
  "Redis": {
    "Host": "127.0.0.1",
    "Port": "6379",
    "Password": "cve123456",
    "TaskDb": 0,
    "ResultDb": 1
  },
  "CodeReader": {
    "SerialNumber": "00DA9460934",
    "IpAddress": "192.168.10.90"
  },
  "Cameras": [
    {
      "Sn": "207000167701",
      "Type": "Tycam3D",
      "Name": "3DCam#1"
    },
    {
      "Sn": "207000168471",
      "Type": "Tycam3D",
      "Name": "3DCam#2"
    },
    {
      "Sn": "207000168488",
      "Type": "Tycam3D",
      "Name": "3DCam#3"
    },
    {
      "Sn": "207000168492",
      "Type": "Tycam3D",
      "Name": "3DCam#4"
    },
    {
      "Sn": "DA9434676",
      "Type": "Hikvision2D",
      "Name": "2DCam#1"
    },
    {
      "Sn": "DA9434663",
      "Type": "Hikvision2D",
      "Name": "2DCam#2"
    }
  ],
  "Algorithms": {
    "SlotOccupancy": {
      "PointThreshold": 10000,
      "Roi3dLeft": [
        -500,
        500,
        -500,
        500,
        1000,
        3000
      ],
      "Roi3dRight": [
        -500,
        500,
        -500,
        500,
        1000,
        3000
      ],
      "CameraMapping": {
        "LeftSideSns": [
          "207000168492"
        ],
        "RightSideSns": [
          "207000167701"
        ]
      }
    },
    "StackerOffset": {
      "DepthMin": 1000,
      "DepthMax": 3000,
      "ReferenceGapCenterX": 0,
      "LateralThreshold": {
        "A": -20,
        "B": -10,
        "C": 10,
        "D": 20
      },
      "CameraRoiParams": [
        {
          "CameraSn": "207000167701",
          "XMin": -350,
          "XMax": 350,
          "YMin": 99,
          "YMax": 483,
          "ZMin": 800,
          "ZMax": 950,
          "ReferenceX": -9.93,
          "RefRackDefLeft": 0,
          "RefRackDefRight": 0,
          "RefArmAngleLeft": 0,
          "RefArmAngleRight": 0
        },
        {
          "CameraSn": "207000168492",
          "XMin": -340,
          "XMax": 380,
          "YMin": 150,
          "YMax": 600,
          "ZMin": 800,
          "ZMax": 900,
          "ReferenceX": 33.2,
          "RefRackDefLeft": 0,
          "RefRackDefRight": 0,
          "RefArmAngleLeft": 0,
          "RefArmAngleRight": 0
        }
      ],
      "CameraMapping": {
        "LeftSideSns": [
          "207000168492"
        ],
        "RightSideSns": [
          "207000167701"
        ]
      }
    },
    "RackDeformation": {
      "DepthMin": 1000,
      "DepthMax": 3000,
      "ReferenceZ": 2000,
      "BeamThreshold": {
        "A": -10,
        "B": -7,
        "C": 7,
        "D": 10
      },
      "RackThreshold": {
        "A": -40,
        "B": -25,
        "C": 25,
        "D": 40
      },
      "CameraMapping": {
        "LeftSideSns": [
          "207000168492"
        ],
        "RightSideSns": [
          "207000167701"
        ]
      },
      "CameraRoiParams": [
        {
          "CameraSn": "207000167701",
          "XMin": -345,
          "XMax": 330,
          "YMin": 150,
          "YMax": 600,
          "ZMin": 800,
          "ZMax": 1000,
          "ReferenceX": 0,
          "RefRackDefLeft": 44.87,
          "RefRackDefRight": 44.68,
          "RefArmAngleLeft": 5.32,
          "RefArmAngleRight": 0.39
        },
        {
          "CameraSn": "207000168492",
          "XMin": -310,
          "XMax": 380,
          "YMin": 150,
          "YMax": 600,
          "ZMin": 800,
          "ZMax": 900,
          "ReferenceX": 0,
          "RefRackDefLeft": 50.77,
          "RefRackDefRight": 56.94,
          "RefArmAngleLeft": 1.69,
          "RefArmAngleRight": 3.04
        }
      ]
    }
  },
  "Calibrations": [
    {
      "CameraSn": "207000167701",
      "RotationMatrix": [
        [
          0.999491948822176,
          0.005605022774709665,
          -0.031375594963982026
        ],
        [
          0.005605022774709665,
          0.9381631582086549,
          0.3461480496834516
        ],
        [
          0.031375594963982026,
          -0.3461480496834516,
          0.9376551070308309
        ]
      ],
      "TranslationVector": [
        -0,
        -0,
        -0
      ],
      "RefPlaneNormalBase": [
        0,
        0,
        1
      ],
      "RefPlaneNormalCam": [
        0.031375594963982026,
        -0.3461480496834516,
        0.9376551070308309
      ],
      "CalibratedAt": "2026-06-22T11:13:50.943269+08:00",
      "Fx": 521.5643310546875,
      "Fy": 311.4825439453125,
      "Cx": 521.5643310546875,
      "Cy": 244.32205200195312,
      "MeasuredDistanceMm": 0,
      "PlaneD": -2170.0766809673514,
      "IsValid": true
    },
    {
      "CameraSn": "207000168492",
      "RotationMatrix": [
        [
          0.9998511229961276,
          -0.0034091157460513157,
          0.01691477972698881
        ],
        [
          -0.0034091157460513157,
          0.9219350882428037,
          0.3873294088970834
        ],
        [
          -0.01691477972698881,
          -0.3873294088970834,
          0.9217862112389312
        ]
      ],
      "TranslationVector": [
        -0,
        -0,
        -0
      ],
      "RefPlaneNormalBase": [
        0,
        0,
        1
      ],
      "RefPlaneNormalCam": [
        -0.01691477972698881,
        -0.3873294088970834,
        0.9217862112389312
      ],
      "CalibratedAt": "2026-06-24T14:22:31.4782478+08:00",
      "Fx": 521.2755737304688,
      "Fy": 330.40399169921875,
      "Cx": 521.2755737304688,
      "Cy": 241.62655639648438,
      "MeasuredDistanceMm": 0,
      "PlaneD": -886.4527055353883,
      "IsValid": true
    }
  ],
  "Camera2DCalibrations": [
    {
      "CameraSn": "DA9434676",
      "CalibratedAt": "0001-01-01T00:00:00",
      "RmsError": 0,
      "Fx": 0,
      "Fy": 0,
      "Cx": 0,
      "Cy": 0,
      "DistCoeffs": [],
      "RoiLeft": [
        765,
        296,
        1227,
        232,
        1499,
        1234,
        1090,
        1234
      ],
      "RoiRight": [
        4318,
        201,
        4819,
        222,
        4537,
        1287,
        4138,
        1255
      ],
      "ReferenceOffsetX": 2859.3745
    }
  ]
}